<?xml version="1.0"?>
<opencv_storage>
<calibration_time>"Sun 15 Jul 2018 20:22:54 UTC"</calibration_time>
<nr_of_frames>25</nr_of_frames>
<image_width>640</image_width>
<image_height>480</image_height>
<board_width>9</board_width>
<board_height>6</board_height>
<square_size>50.</square_size>
<fix_aspect_ratio>1.</fix_aspect_ratio>
<!-- flags: +fix_aspectRatio +fix_principal_point +zero_tangent_dist +fix_k4 +fix_k5 -->
<flags>6158</flags>
<fisheye_model>0</fisheye_model>
<camera_matrix type_id="opencv-matrix">
  <rows>3</rows>
  <cols>3</cols>
  <dt>d</dt>
  <data>
    6.1443121949280180e+02 0. 320. 0. 6.1443121949280180e+02 240. 0. 0.
    1.</data></camera_matrix>
<distortion_coefficients type_id="opencv-matrix">
  <rows>5</rows>
  <cols>1</cols>
  <dt>d</dt>
  <data>
    2.0193483656575290e-01 -9.6119540240455459e-01 0. 0.
    2.9072921929144639e+00</data></distortion_coefficients>
<avg_reprojection_error>7.6992379285183343e-01</avg_reprojection_error>
<per_view_reprojection_errors type_id="opencv-matrix">
  <rows>25</rows>
  <cols>1</cols>
  <dt>f</dt>
  <data>
    1.53945470e+00 8.88686657e-01 2.35803437e+00 7.01168835e-01
    7.39989579e-01 2.73930967e-01 2.94949502e-01 3.42704296e-01
    3.36397856e-01 3.33888948e-01 3.33993107e-01 3.36659700e-01
    3.33502918e-01 3.32484573e-01 3.34502220e-01 3.30918670e-01
    3.27771455e-01 4.57966149e-01 1.09958720e+00 1.03920174e+00
    4.26888287e-01 4.87853944e-01 5.46647310e-01 5.41578591e-01
    5.19213855e-01</data></per_view_reprojection_errors>
<!-- a set of 6-tuples (rotation vector + translation vector) for each view -->
<extrinsic_parameters type_id="opencv-matrix">
  <rows>25</rows>
  <cols>6</cols>
  <dt>d</dt>
  <data>
    1.1506401647478788e-01 -1.0774412816637811e-01
    2.9326801192454552e+00 2.7351890589773296e+02 8.1535344611106737e+00
    6.6747482680991232e+02 1.2083124023560207e-01
    -1.7993156055436840e-01 2.8175249862980367e+00
    2.6541372303054555e+02 4.1522365699802393e+00 7.1549779229377418e+02
    -8.8310574535527514e-02 -5.9901708502958798e-02
    2.8423110550647501e+00 3.7341636240447326e+02 2.9722355344064649e+01
    8.6771986430128413e+02 5.6707458324796756e-01
    -1.1804641408006498e-01 2.9919565377523298e+00
    4.0328567508985589e+02 1.1403863454662512e+02 9.5350833450167295e+02
    6.2773424142428746e-01 1.4452806326793132e-03 3.0670881412506179e+00
    3.4112454281916257e+02 1.5439742963818915e+02 1.0979146677698016e+03
    1.1966048283078465e-01 1.0430464671922689e-01 2.9898357856336588e+00
    2.7845669784202545e+02 1.7234884067918560e+02 1.2157039311783021e+03
    1.1157698331488795e-01 1.3125875277914242e-01 3.0067852008493432e+00
    2.7887435975639289e+02 1.7742315969582671e+02 1.2182739598388018e+03
    1.3690873187504315e-01 1.4181742394985544e-01 3.0246072789915650e+00
    2.7789867941660566e+02 1.7518023304514168e+02 1.2153863531614961e+03
    1.3410387765897636e-01 1.4397121856719680e-01 3.0256344067982499e+00
    2.7856633872557535e+02 1.7565405734974246e+02 1.2152396384664873e+03
    1.3442657744841074e-01 1.4616683190463806e-01 3.0256891874767247e+00
    2.7876899169020692e+02 1.7571289029360003e+02 1.2149006266174454e+03
    1.3467599547199080e-01 1.4916034012854262e-01 3.0258046627736168e+00
    2.7898620709004246e+02 1.7635470569223574e+02 1.2149224354408746e+03
    1.3537552216182894e-01 1.4957974451036182e-01 3.0268847303986353e+00
    2.7913110935989414e+02 1.7646217391871497e+02 1.2149904037754329e+03
    1.3405344863304475e-01 1.5062111684160023e-01 3.0278326163118670e+00
    2.7947589869695281e+02 1.7624113320789442e+02 1.2155671297528693e+03
    1.3521057707244363e-01 1.5240027281370044e-01 3.0279636086240656e+00
    2.7939826668097140e+02 1.7636182372412469e+02 1.2154914376907018e+03
    1.3765439983206135e-01 1.5636807633342170e-01 3.0297641858977413e+00
    2.7916146763625238e+02 1.7584139002277524e+02 1.2158087760684850e+03
    1.3842572604463732e-01 1.6156475878496229e-01 3.0303904668095805e+00
    2.7933488331436683e+02 1.7558727653786016e+02 1.2158493914027686e+03
    1.4107923495454086e-01 1.6507192206176022e-01 3.0308765246409362e+00
    2.7884893201827111e+02 1.7496356093777905e+02 1.2153690663217615e+03
    2.7542664456433930e-01 8.7595811185922898e-02 3.0367536434513980e+00
    2.6946662987765040e+02 1.6855019141892649e+02 1.1942879972895221e+03
    8.0907148091284098e-01 -6.2831727851612076e-02
    2.9457653599247533e+00 2.6985331972746496e+02 1.8780776786225226e+02
    1.0978948186226407e+03 -7.5920017608206702e-01
    -4.5744926604934244e-01 -3.0110449919597686e+00
    2.4681561070815098e+02 2.5802581702973561e+02 1.1105152180809903e+03
    4.3467418691795446e-03 4.0581232609458773e-01 2.9352557965047916e+00
    2.0351208180379504e+02 2.4284885909361526e+02 1.2378076591279830e+03
    -2.9162066231458855e-01 2.4897402681486916e-01
    2.9652118187831511e+00 1.6879206526721453e+02 2.1208652120202427e+02
    1.2394357788729455e+03 -3.6182166340333172e-01
    1.9812877544337093e-01 2.9695755643909960e+00 1.4166920671840654e+02
    2.3117086145036743e+02 1.2092317583773984e+03
    -3.5947527783640293e-01 2.1795728831624103e-01
    2.9521375487908843e+00 1.4285075372834146e+02 2.3899785190205534e+02
    1.2003684945160223e+03 -3.5580062811536328e-01
    2.0184946120636207e-01 2.9485125542608741e+00 1.4167539794526505e+02
    2.4262169820088999e+02 1.1913236305323026e+03</data></extrinsic_parameters>
