<?xml version="1.0"?>
<opencv_storage>
<calibration_time>"Sun 15 Jul 2018 20:16:33 UTC"</calibration_time>
<nr_of_frames>25</nr_of_frames>
<image_width>640</image_width>
<image_height>480</image_height>
<board_width>9</board_width>
<board_height>6</board_height>
<square_size>50.</square_size>
<fix_aspect_ratio>1.</fix_aspect_ratio>
<!-- flags: +fix_aspectRatio +fix_principal_point +zero_tangent_dist +fix_k4 +fix_k5 -->
<flags>6158</flags>
<fisheye_model>0</fisheye_model>
<camera_matrix type_id="opencv-matrix">
  <rows>3</rows>
  <cols>3</cols>
  <dt>d</dt>
  <data>
    6.3460201331845042e+02 0. 320. 0. 6.3460201331845042e+02 240. 0. 0.
    1.</data></camera_matrix>
<distortion_coefficients type_id="opencv-matrix">
  <rows>5</rows>
  <cols>1</cols>
  <dt>d</dt>
  <data>
    5.5290930389480200e-02 1.5033481136256002e-01 0. 0.
    -3.5730871205745152e-01</data></distortion_coefficients>
<avg_reprojection_error>1.1241437953246145e+00</avg_reprojection_error>
<per_view_reprojection_errors type_id="opencv-matrix">
  <rows>25</rows>
  <cols>1</cols>
  <dt>f</dt>
  <data>
    8.43592703e-01 6.89209580e-01 5.91651320e-01 6.89812183e-01
    4.70408499e-01 5.07203698e-01 6.07712507e-01 1.15498650e+00
    1.59400916e+00 1.81159711e+00 1.89472926e+00 1.76334906e+00
    1.54563880e+00 1.34697247e+00 1.13614869e+00 1.09755456e+00
    1.03516018e+00 9.53958809e-01 9.49343503e-01 9.35840845e-01
    9.38140690e-01 9.39849973e-01 9.36756074e-01 9.39633727e-01
    9.45857763e-01</data></per_view_reprojection_errors>
<!-- a set of 6-tuples (rotation vector + translation vector) for each view -->
<extrinsic_parameters type_id="opencv-matrix">
  <rows>25</rows>
  <cols>6</cols>
  <dt>d</dt>
  <data>
    -3.7859886241984074e-02 1.9277587896981896e-01
    2.7192854547405648e-02 8.2568474831513569e+01
    -1.9456681063799581e+02 1.0720460329865532e+03
    -5.7243934747863556e-03 1.8663753908395569e-01
    -6.9672033767186189e-03 7.1607059462534735e+01
    -1.8387196181661920e+02 1.0916491373880378e+03
    4.5554425588394039e-05 1.6919287891965845e-01
    -2.4428040981205781e-02 7.0947783808350977e+01
    -1.9477022090671636e+02 1.1065569794104201e+03
    -9.8741724894574143e-03 2.0853974002987893e-01
    -1.0724551905712228e-03 7.0749978105145402e+01
    -1.9184398505079105e+02 1.1384511832262494e+03
    6.0092675341702331e-02 1.4262371563869411e-01
    -2.1356435096298337e-02 -3.8870752576957912e+01
    -1.6186083798500368e+02 1.1661653385213649e+03
    6.5328055452141640e-02 9.3010246595374699e-02
    -2.9313795638610658e-02 -4.7746644185229030e+01
    -1.5618349381083345e+02 1.1478356128086796e+03
    1.1114840215434380e-01 -1.0768072863422788e-02
    -1.8606400293240729e-02 -8.4804539838324629e+01
    -1.5478748368579085e+02 1.1503921119262661e+03
    1.0040589398798903e-01 -3.7157462757350651e-01
    -3.1676832881064244e-02 -1.4634041822440946e+02
    -1.5268877528174275e+02 1.0761451441866266e+03
    9.7497211413725221e-02 -6.3514906646327651e-01
    -2.8630200863092391e-02 -1.6786419026702555e+02
    -1.5539277126242897e+02 1.0282701006361808e+03
    9.0720984267291443e-02 -7.9483215980438660e-01
    -2.3683870237032695e-02 -2.1123626795841093e+02
    -1.5221471975350465e+02 1.0015259962913349e+03
    4.9296140415310392e-02 -8.8479185275534544e-01
    -5.7667591828612093e-02 -2.7808181909964833e+02
    -1.3617717831252736e+02 9.9057419832235507e+02
    1.5895026371379337e-02 -8.8699371999505028e-01
    -5.9616604973539794e-02 -3.2594668960278898e+02
    -1.2320209693558724e+02 1.0094052780528352e+03
    2.3129063235631270e-02 -8.0139113240538828e-01
    -4.0108795764150648e-02 -3.3476668120493747e+02
    -1.6183609931186587e+02 1.0484080806245202e+03
    -3.2798004541599890e-01 -6.9003922193662537e-01
    -1.4218717960643931e-01 -3.8911000562300831e+02
    -1.1585504033534382e+02 1.2199375215072541e+03
    -6.0344698890188342e-01 -5.5530146372341649e-01
    -9.4993739224246032e-02 -4.3333424939695743e+02
    2.6040517254922676e+01 1.3951027559214313e+03
    -6.3501915592177205e-01 -4.9828316891326574e-01
    -1.6187215028390187e-01 -2.8501914628974396e+02
    1.5552883127280256e+02 1.4618684088574705e+03
    -6.2604496926852071e-01 -4.4635790500273509e-01
    -1.9490545930699232e-01 -2.7619239076466818e+02
    1.8447399974377970e+02 1.4905688882030242e+03
    -6.4701730834709503e-01 -3.5948628399663446e-01
    -1.5656098804098795e-01 -2.8184553792897600e+02
    1.9358612361291617e+02 1.5283206012563708e+03
    -6.4763683702066777e-01 -3.4057870009672309e-01
    -1.4222380233406540e-01 -2.8391602384526914e+02
    1.8861788051989393e+02 1.5370597483993358e+03
    -6.4723421880570409e-01 -3.4164619377434496e-01
    -1.4065400691150512e-01 -2.8340489466585274e+02
    1.8963321553199827e+02 1.5369479129644394e+03
    -6.5000644488894344e-01 -3.4195820031543572e-01
    -1.4148600151939936e-01 -2.8170720334087758e+02
    1.8894224588950448e+02 1.5385599708246395e+03
    -6.5068185871062179e-01 -3.4376540464201560e-01
    -1.4261577491029595e-01 -2.8103733414890644e+02
    1.9090693747187260e+02 1.5391514357065757e+03
    -6.4505799466044844e-01 -3.3964257324608066e-01
    -1.4335790270544296e-01 -2.8081442633275969e+02
    1.9445609928959485e+02 1.5391311220985629e+03
    -6.4900517710606320e-01 -3.3991516991313242e-01
    -1.4295692846857094e-01 -2.8108025118944602e+02
    1.9656065220730994e+02 1.5391275558688010e+03
    -6.5716595649065146e-01 -3.3915974877796506e-01
    -1.4619726956633342e-01 -2.8212279996340243e+02
    1.9702803190287696e+02 1.5406647171071440e+03</data></extrinsic_parameters>
